2017/09/06-10:27:45.752082 7f205f50fc00 RocksDB version: 4.11.2
2017/09/06-10:27:45.752093 7f205f50fc00 Git sha rocksdb_build_git_sha:dab9465c40b0a8fb7a59b461e516f27ff074274b
2017/09/06-10:27:45.752095 7f205f50fc00 Compile date Mar 11 2017
2017/09/06-10:27:45.752096 7f205f50fc00 DB SUMMARY
2017/09/06-10:27:45.752109 7f205f50fc00 CURRENT file:  CURRENT
2017/09/06-10:27:45.752111 7f205f50fc00 IDENTITY file:  IDENTITY
2017/09/06-10:27:45.752113 7f205f50fc00 MANIFEST file:  MANIFEST-000001 size: 13 Bytes
2017/09/06-10:27:45.752114 7f205f50fc00 SST files in base_path1/chains/PoA/db/ab564e9bfa5414b1/overlayrecent/db dir, Total Num: 0, files: 
2017/09/06-10:27:45.752115 7f205f50fc00 Write Ahead Log file in base_path1/chains/PoA/db/ab564e9bfa5414b1/overlayrecent/db: 000003.log size: 0 ; 
2017/09/06-10:27:45.752116 7f205f50fc00          Options.error_if_exists: 0
2017/09/06-10:27:45.752117 7f205f50fc00        Options.create_if_missing: 1
2017/09/06-10:27:45.752118 7f205f50fc00          Options.paranoid_checks: 1
2017/09/06-10:27:45.752119 7f205f50fc00                      Options.env: 0x56365899cb80
2017/09/06-10:27:45.752120 7f205f50fc00                 Options.info_log: 0x7f205d2e65f0
2017/09/06-10:27:45.752121 7f205f50fc00           Options.max_open_files: 512
2017/09/06-10:27:45.752121 7f205f50fc00 Options.max_file_opening_threads: 16
2017/09/06-10:27:45.752122 7f205f50fc00       Options.max_total_wal_size: 67108864
2017/09/06-10:27:45.752123 7f205f50fc00        Options.disableDataSync: 0
2017/09/06-10:27:45.752124 7f205f50fc00              Options.use_fsync: 0
2017/09/06-10:27:45.752124 7f205f50fc00      Options.max_log_file_size: 0
2017/09/06-10:27:45.752125 7f205f50fc00 Options.max_manifest_file_size: 18446744073709551615
2017/09/06-10:27:45.752126 7f205f50fc00      Options.log_file_time_to_roll: 0
2017/09/06-10:27:45.752127 7f205f50fc00      Options.keep_log_file_num: 1000
2017/09/06-10:27:45.752127 7f205f50fc00   Options.recycle_log_file_num: 0
2017/09/06-10:27:45.752128 7f205f50fc00        Options.allow_os_buffer: 1
2017/09/06-10:27:45.752129 7f205f50fc00       Options.allow_mmap_reads: 0
2017/09/06-10:27:45.752130 7f205f50fc00       Options.allow_fallocate: 1
2017/09/06-10:27:45.752131 7f205f50fc00      Options.allow_mmap_writes: 0
2017/09/06-10:27:45.752131 7f205f50fc00          Options.create_missing_column_families: 0
2017/09/06-10:27:45.752132 7f205f50fc00                              Options.db_log_dir: 
2017/09/06-10:27:45.752133 7f205f50fc00                                 Options.wal_dir: base_path1/chains/PoA/db/ab564e9bfa5414b1/overlayrecent/db
2017/09/06-10:27:45.752133 7f205f50fc00                Options.table_cache_numshardbits: 6
2017/09/06-10:27:45.752134 7f205f50fc00     Options.delete_obsolete_files_period_micros: 21600000000
2017/09/06-10:27:45.752135 7f205f50fc00              Options.base_background_compactions: 1
2017/09/06-10:27:45.752136 7f205f50fc00              Options.max_background_compactions: 2
2017/09/06-10:27:45.752136 7f205f50fc00                      Options.max_subcompactions: 1
2017/09/06-10:27:45.752137 7f205f50fc00                  Options.max_background_flushes: 2
2017/09/06-10:27:45.752138 7f205f50fc00                         Options.WAL_ttl_seconds: 0
2017/09/06-10:27:45.752138 7f205f50fc00                       Options.WAL_size_limit_MB: 0
2017/09/06-10:27:45.752139 7f205f50fc00             Options.manifest_preallocation_size: 4194304
2017/09/06-10:27:45.752140 7f205f50fc00                          Options.allow_os_buffer: 1
2017/09/06-10:27:45.752141 7f205f50fc00                         Options.allow_mmap_reads: 0
2017/09/06-10:27:45.752141 7f205f50fc00                        Options.allow_mmap_writes: 0
2017/09/06-10:27:45.752142 7f205f50fc00                      Options.is_fd_close_on_exec: 1
2017/09/06-10:27:45.752143 7f205f50fc00                    Options.stats_dump_period_sec: 600
2017/09/06-10:27:45.752143 7f205f50fc00                    Options.advise_random_on_open: 1
2017/09/06-10:27:45.752144 7f205f50fc00                     Options.db_write_buffer_size: 0d
2017/09/06-10:27:45.752145 7f205f50fc00          Options.access_hint_on_compaction_start: NORMAL
2017/09/06-10:27:45.752151 7f205f50fc00   Options.new_table_reader_for_compaction_inputs: 0
2017/09/06-10:27:45.752152 7f205f50fc00                Options.compaction_readahead_size: 0d
2017/09/06-10:27:45.752153 7f205f50fc00                Options.random_access_max_buffer_size: 1048576d
2017/09/06-10:27:45.752154 7f205f50fc00               Options.writable_file_max_buffer_size: 1048576d
2017/09/06-10:27:45.752155 7f205f50fc00                       Options.use_adaptive_mutex: 0
2017/09/06-10:27:45.752155 7f205f50fc00                             Options.rate_limiter: (nil)
2017/09/06-10:27:45.752156 7f205f50fc00      Options.sst_file_manager.rate_bytes_per_sec: 0
2017/09/06-10:27:45.752157 7f205f50fc00                           Options.bytes_per_sync: 0
2017/09/06-10:27:45.752158 7f205f50fc00                       Options.wal_bytes_per_sync: 0
2017/09/06-10:27:45.752158 7f205f50fc00                        Options.wal_recovery_mode: 2
2017/09/06-10:27:45.752159 7f205f50fc00                   Options.enable_thread_tracking: 0
2017/09/06-10:27:45.752160 7f205f50fc00          Options.allow_concurrent_memtable_write: 0
2017/09/06-10:27:45.752160 7f205f50fc00       Options.enable_write_thread_adaptive_yield: 0
2017/09/06-10:27:45.752161 7f205f50fc00              Options.write_thread_max_yield_usec: 100
2017/09/06-10:27:45.752162 7f205f50fc00             Options.write_thread_slow_yield_usec: 3
2017/09/06-10:27:45.752162 7f205f50fc00                                Options.row_cache: None
2017/09/06-10:27:45.752163 7f205f50fc00        Options.wal_filter: None
2017/09/06-10:27:45.752164 7f205f50fc00                     Options.avoid_flush_during_recovery: 0
2017/09/06-10:27:45.752165 7f205f50fc00 Compression algorithms supported:
2017/09/06-10:27:45.752165 7f205f50fc00 	Snappy supported: 1
2017/09/06-10:27:45.752166 7f205f50fc00 	Zlib supported: 0
2017/09/06-10:27:45.752167 7f205f50fc00 	Bzip supported: 0
2017/09/06-10:27:45.752168 7f205f50fc00 	LZ4 supported: 0
2017/09/06-10:27:45.752169 7f205f50fc00 Fast CRC32 supported: 0
2017/09/06-10:27:45.752188 7f205f50fc00 Recovering from manifest file: MANIFEST-000001
2017/09/06-10:27:45.752195 7f205f50fc00 --------------- Options for column family [default]:
2017/09/06-10:27:45.752196 7f205f50fc00               Options.comparator: rocksdb.InternalKeyComparator:leveldb.BytewiseComparator
2017/09/06-10:27:45.752197 7f205f50fc00           Options.merge_operator: None
2017/09/06-10:27:45.752198 7f205f50fc00        Options.compaction_filter: None
2017/09/06-10:27:45.752199 7f205f50fc00        Options.compaction_filter_factory: None
2017/09/06-10:27:45.752199 7f205f50fc00         Options.memtable_factory: SkipListFactory
2017/09/06-10:27:45.752200 7f205f50fc00            Options.table_factory: BlockBasedTable
2017/09/06-10:27:45.752206 7f205f50fc00            table_factory options:   flush_block_policy_factory: FlushBlockBySizePolicyFactory (0x7f205d354158)
  cache_index_and_filter_blocks: 0
  pin_l0_filter_and_index_blocks_in_cache: 0
  index_type: 0
  hash_index_allow_collision: 1
  checksum: 1
  no_block_cache: 0
  block_cache: 0x7f205d39c248
  block_cache_size: 8388608
  block_cache_compressed: (nil)
  block_size: 4096
  block_size_deviation: 10
  block_restart_interval: 16
  index_block_restart_interval: 1
  filter_policy: nullptr
  whole_key_filtering: 1
  skip_table_builder_flush: 0
  format_version: 2
2017/09/06-10:27:45.752207 7f205f50fc00        Options.write_buffer_size: 67108864
2017/09/06-10:27:45.752208 7f205f50fc00  Options.max_write_buffer_number: 2
2017/09/06-10:27:45.752209 7f205f50fc00          Options.compression: Snappy
2017/09/06-10:27:45.752209 7f205f50fc00                  Options.bottommost_compression: Disabled
2017/09/06-10:27:45.752210 7f205f50fc00       Options.prefix_extractor: nullptr
2017/09/06-10:27:45.752211 7f205f50fc00             Options.num_levels: 7
2017/09/06-10:27:45.752212 7f205f50fc00        Options.min_write_buffer_number_to_merge: 1
2017/09/06-10:27:45.752212 7f205f50fc00     Options.max_write_buffer_number_to_maintain: 0
2017/09/06-10:27:45.752213 7f205f50fc00            Options.compression_opts.window_bits: -14
2017/09/06-10:27:45.752219 7f205f50fc00                  Options.compression_opts.level: -1
2017/09/06-10:27:45.752220 7f205f50fc00               Options.compression_opts.strategy: 0
2017/09/06-10:27:45.752221 7f205f50fc00         Options.compression_opts.max_dict_bytes: 0
2017/09/06-10:27:45.752221 7f205f50fc00      Options.level0_file_num_compaction_trigger: 4
2017/09/06-10:27:45.752222 7f205f50fc00          Options.level0_slowdown_writes_trigger: 20
2017/09/06-10:27:45.752223 7f205f50fc00              Options.level0_stop_writes_trigger: 24
2017/09/06-10:27:45.752224 7f205f50fc00                   Options.target_file_size_base: 33554432
2017/09/06-10:27:45.752224 7f205f50fc00             Options.target_file_size_multiplier: 2
2017/09/06-10:27:45.752225 7f205f50fc00                Options.max_bytes_for_level_base: 268435456
2017/09/06-10:27:45.752226 7f205f50fc00 Options.level_compaction_dynamic_level_bytes: 0
2017/09/06-10:27:45.752226 7f205f50fc00          Options.max_bytes_for_level_multiplier: 10
2017/09/06-10:27:45.752227 7f205f50fc00 Options.max_bytes_for_level_multiplier_addtl[0]: 1
2017/09/06-10:27:45.752228 7f205f50fc00 Options.max_bytes_for_level_multiplier_addtl[1]: 1
2017/09/06-10:27:45.752229 7f205f50fc00 Options.max_bytes_for_level_multiplier_addtl[2]: 1
2017/09/06-10:27:45.752229 7f205f50fc00 Options.max_bytes_for_level_multiplier_addtl[3]: 1
2017/09/06-10:27:45.752230 7f205f50fc00 Options.max_bytes_for_level_multiplier_addtl[4]: 1
2017/09/06-10:27:45.752231 7f205f50fc00 Options.max_bytes_for_level_multiplier_addtl[5]: 1
2017/09/06-10:27:45.752232 7f205f50fc00 Options.max_bytes_for_level_multiplier_addtl[6]: 1
2017/09/06-10:27:45.752232 7f205f50fc00       Options.max_sequential_skip_in_iterations: 8
2017/09/06-10:27:45.752233 7f205f50fc00              Options.expanded_compaction_factor: 25
2017/09/06-10:27:45.752234 7f205f50fc00                Options.source_compaction_factor: 1
2017/09/06-10:27:45.752234 7f205f50fc00          Options.max_grandparent_overlap_factor: 10
2017/09/06-10:27:45.752235 7f205f50fc00                        Options.arena_block_size: 8388608
2017/09/06-10:27:45.752236 7f205f50fc00   Options.soft_pending_compaction_bytes_limit: 68719476736
2017/09/06-10:27:45.752236 7f205f50fc00   Options.hard_pending_compaction_bytes_limit: 274877906944
2017/09/06-10:27:45.752237 7f205f50fc00       Options.rate_limit_delay_max_milliseconds: 1000
2017/09/06-10:27:45.752238 7f205f50fc00                Options.disable_auto_compactions: 0
2017/09/06-10:27:45.752239 7f205f50fc00           Options.verify_checksums_in_compaction: 0
2017/09/06-10:27:45.752239 7f205f50fc00                         Options.compaction_style: 1
2017/09/06-10:27:45.752240 7f205f50fc00                           Options.compaction_pri: 0
2017/09/06-10:27:45.752241 7f205f50fc00  Options.compaction_options_universal.size_ratio: 1
2017/09/06-10:27:45.752241 7f205f50fc00 Options.compaction_options_universal.min_merge_width: 2
2017/09/06-10:27:45.752242 7f205f50fc00 Options.compaction_options_universal.max_merge_width: 4294967295
2017/09/06-10:27:45.752243 7f205f50fc00 Options.compaction_options_universal.max_size_amplification_percent: 200
2017/09/06-10:27:45.752244 7f205f50fc00 Options.compaction_options_universal.compression_size_percent: -1
2017/09/06-10:27:45.752244 7f205f50fc00 Options.compaction_options_fifo.max_table_files_size: 1073741824
2017/09/06-10:27:45.752245 7f205f50fc00                   Options.table_properties_collectors: 
2017/09/06-10:27:45.752246 7f205f50fc00                   Options.inplace_update_support: 0
2017/09/06-10:27:45.752247 7f205f50fc00                 Options.inplace_update_num_locks: 10000
2017/09/06-10:27:45.752247 7f205f50fc00               Options.min_partial_merge_operands: 2
2017/09/06-10:27:45.752248 7f205f50fc00               Options.memtable_prefix_bloom_size_ratio: 0.000000
2017/09/06-10:27:45.752249 7f205f50fc00   Options.memtable_huge_page_size: 0
2017/09/06-10:27:45.752250 7f205f50fc00                           Options.bloom_locality: 0
2017/09/06-10:27:45.752254 7f205f50fc00                    Options.max_successive_merges: 0
2017/09/06-10:27:45.752255 7f205f50fc00                Options.optimize_filters_for_hits: 0
2017/09/06-10:27:45.752256 7f205f50fc00                Options.paranoid_file_checks: 0
2017/09/06-10:27:45.752256 7f205f50fc00                Options.report_bg_io_stats: 0
2017/09/06-10:27:45.752264 7f205f50fc00 Recovered from manifest file:base_path1/chains/PoA/db/ab564e9bfa5414b1/overlayrecent/db/MANIFEST-000001 succeeded,manifest_file_number is 1, next_file_number is 3, last_sequence is 0, log_number is 0,prev_log_number is 0,max_column_family is 0
2017/09/06-10:27:45.752266 7f205f50fc00 Column family [default] (ID 0), log number is 0
2017/09/06-10:27:45.752372 7f205f50fc00 EVENT_LOG_v1 {"time_micros": 1504664865752362, "job": 1, "event": "recovery_started", "log_files": [3]}
2017/09/06-10:27:45.752377 7f205f50fc00 Recovering log #3 mode 2
2017/09/06-10:27:45.752389 7f205f50fc00 Creating manifest 5
2017/09/06-10:27:45.852110 7f205f50fc00 EVENT_LOG_v1 {"time_micros": 1504664865852105, "job": 1, "event": "recovery_finished"}
2017/09/06-10:27:45.919558 7f205f50fc00 DB pointer 0x7f205d3ade00
2017/09/06-10:27:45.969429 7f205f50fc00 --------------- Options for column family [col0]:
2017/09/06-10:27:45.969439 7f205f50fc00               Options.comparator: rocksdb.InternalKeyComparator:leveldb.BytewiseComparator
2017/09/06-10:27:45.969441 7f205f50fc00           Options.merge_operator: None
2017/09/06-10:27:45.969442 7f205f50fc00        Options.compaction_filter: None
2017/09/06-10:27:45.969443 7f205f50fc00        Options.compaction_filter_factory: None
2017/09/06-10:27:45.969443 7f205f50fc00         Options.memtable_factory: SkipListFactory
2017/09/06-10:27:45.969445 7f205f50fc00            Options.table_factory: BlockBasedTable
2017/09/06-10:27:45.969454 7f205f50fc00            table_factory options:   flush_block_policy_factory: FlushBlockBySizePolicyFactory (0x7f205d30f208)
  cache_index_and_filter_blocks: 0
  pin_l0_filter_and_index_blocks_in_cache: 0
  index_type: 0
  hash_index_allow_collision: 1
  checksum: 1
  no_block_cache: 0
  block_cache: 0x7f205d39c0f8
  block_cache_size: 50331648
  block_cache_compressed: (nil)
  block_size: 4096
  block_size_deviation: 10
  block_restart_interval: 16
  index_block_restart_interval: 1
  filter_policy: nullptr
  whole_key_filtering: 1
  skip_table_builder_flush: 0
  format_version: 2
2017/09/06-10:27:45.969456 7f205f50fc00        Options.write_buffer_size: 67108864
2017/09/06-10:27:45.969457 7f205f50fc00  Options.max_write_buffer_number: 2
2017/09/06-10:27:45.969458 7f205f50fc00          Options.compression: Snappy
2017/09/06-10:27:45.969459 7f205f50fc00                  Options.bottommost_compression: Disabled
2017/09/06-10:27:45.969460 7f205f50fc00       Options.prefix_extractor: nullptr
2017/09/06-10:27:45.969461 7f205f50fc00             Options.num_levels: 7
2017/09/06-10:27:45.969462 7f205f50fc00        Options.min_write_buffer_number_to_merge: 1
2017/09/06-10:27:45.969463 7f205f50fc00     Options.max_write_buffer_number_to_maintain: 0
2017/09/06-10:27:45.969464 7f205f50fc00            Options.compression_opts.window_bits: -14
2017/09/06-10:27:45.969465 7f205f50fc00                  Options.compression_opts.level: -1
2017/09/06-10:27:45.969466 7f205f50fc00               Options.compression_opts.strategy: 0
2017/09/06-10:27:45.969466 7f205f50fc00         Options.compression_opts.max_dict_bytes: 0
2017/09/06-10:27:45.969467 7f205f50fc00      Options.level0_file_num_compaction_trigger: 4
2017/09/06-10:27:45.969468 7f205f50fc00          Options.level0_slowdown_writes_trigger: 20
2017/09/06-10:27:45.969469 7f205f50fc00              Options.level0_stop_writes_trigger: 24
2017/09/06-10:27:45.969470 7f205f50fc00                   Options.target_file_size_base: 33554432
2017/09/06-10:27:45.969470 7f205f50fc00             Options.target_file_size_multiplier: 2
2017/09/06-10:27:45.969471 7f205f50fc00                Options.max_bytes_for_level_base: 268435456
2017/09/06-10:27:45.969472 7f205f50fc00 Options.level_compaction_dynamic_level_bytes: 0
2017/09/06-10:27:45.969473 7f205f50fc00          Options.max_bytes_for_level_multiplier: 10
2017/09/06-10:27:45.969474 7f205f50fc00 Options.max_bytes_for_level_multiplier_addtl[0]: 1
2017/09/06-10:27:45.969474 7f205f50fc00 Options.max_bytes_for_level_multiplier_addtl[1]: 1
2017/09/06-10:27:45.969475 7f205f50fc00 Options.max_bytes_for_level_multiplier_addtl[2]: 1
2017/09/06-10:27:45.969476 7f205f50fc00 Options.max_bytes_for_level_multiplier_addtl[3]: 1
2017/09/06-10:27:45.969477 7f205f50fc00 Options.max_bytes_for_level_multiplier_addtl[4]: 1
2017/09/06-10:27:45.969478 7f205f50fc00 Options.max_bytes_for_level_multiplier_addtl[5]: 1
2017/09/06-10:27:45.969478 7f205f50fc00 Options.max_bytes_for_level_multiplier_addtl[6]: 1
2017/09/06-10:27:45.969479 7f205f50fc00       Options.max_sequential_skip_in_iterations: 8
2017/09/06-10:27:45.969480 7f205f50fc00              Options.expanded_compaction_factor: 25
2017/09/06-10:27:45.969481 7f205f50fc00                Options.source_compaction_factor: 1
2017/09/06-10:27:45.969481 7f205f50fc00          Options.max_grandparent_overlap_factor: 10
2017/09/06-10:27:45.969482 7f205f50fc00                        Options.arena_block_size: 8388608
2017/09/06-10:27:45.969512 7f205f50fc00   Options.soft_pending_compaction_bytes_limit: 68719476736
2017/09/06-10:27:45.969514 7f205f50fc00   Options.hard_pending_compaction_bytes_limit: 274877906944
2017/09/06-10:27:45.969515 7f205f50fc00       Options.rate_limit_delay_max_milliseconds: 1000
2017/09/06-10:27:45.969516 7f205f50fc00                Options.disable_auto_compactions: 0
2017/09/06-10:27:45.969516 7f205f50fc00           Options.verify_checksums_in_compaction: 1
2017/09/06-10:27:45.969517 7f205f50fc00                         Options.compaction_style: 1
2017/09/06-10:27:45.969518 7f205f50fc00                           Options.compaction_pri: 0
2017/09/06-10:27:45.969519 7f205f50fc00  Options.compaction_options_universal.size_ratio: 1
2017/09/06-10:27:45.969520 7f205f50fc00 Options.compaction_options_universal.min_merge_width: 2
2017/09/06-10:27:45.969521 7f205f50fc00 Options.compaction_options_universal.max_merge_width: 4294967295
2017/09/06-10:27:45.969521 7f205f50fc00 Options.compaction_options_universal.max_size_amplification_percent: 200
2017/09/06-10:27:45.969522 7f205f50fc00 Options.compaction_options_universal.compression_size_percent: -1
2017/09/06-10:27:45.969523 7f205f50fc00 Options.compaction_options_fifo.max_table_files_size: 1073741824
2017/09/06-10:27:45.969524 7f205f50fc00                   Options.table_properties_collectors: 
2017/09/06-10:27:45.969525 7f205f50fc00                   Options.inplace_update_support: 0
2017/09/06-10:27:45.969526 7f205f50fc00                 Options.inplace_update_num_locks: 10000
2017/09/06-10:27:45.969527 7f205f50fc00               Options.min_partial_merge_operands: 2
2017/09/06-10:27:45.969527 7f205f50fc00               Options.memtable_prefix_bloom_size_ratio: 0.000000
2017/09/06-10:27:45.969530 7f205f50fc00   Options.memtable_huge_page_size: 0
2017/09/06-10:27:45.969531 7f205f50fc00                           Options.bloom_locality: 0
2017/09/06-10:27:45.969532 7f205f50fc00                    Options.max_successive_merges: 0
2017/09/06-10:27:45.969533 7f205f50fc00                Options.optimize_filters_for_hits: 0
2017/09/06-10:27:45.969534 7f205f50fc00                Options.paranoid_file_checks: 0
2017/09/06-10:27:45.969534 7f205f50fc00                Options.report_bg_io_stats: 0
2017/09/06-10:27:46.028363 7f205f50fc00 Created column family [col0] (ID 1)
2017/09/06-10:27:46.069755 7f205f50fc00 --------------- Options for column family [col1]:
2017/09/06-10:27:46.069766 7f205f50fc00               Options.comparator: rocksdb.InternalKeyComparator:leveldb.BytewiseComparator
2017/09/06-10:27:46.069767 7f205f50fc00           Options.merge_operator: None
2017/09/06-10:27:46.069768 7f205f50fc00        Options.compaction_filter: None
2017/09/06-10:27:46.069769 7f205f50fc00        Options.compaction_filter_factory: None
2017/09/06-10:27:46.069770 7f205f50fc00         Options.memtable_factory: SkipListFactory
2017/09/06-10:27:46.069771 7f205f50fc00            Options.table_factory: BlockBasedTable
2017/09/06-10:27:46.069779 7f205f50fc00            table_factory options:   flush_block_policy_factory: FlushBlockBySizePolicyFactory (0x7f205d354140)
  cache_index_and_filter_blocks: 0
  pin_l0_filter_and_index_blocks_in_cache: 0
  index_type: 0
  hash_index_allow_collision: 1
  checksum: 1
  no_block_cache: 0
  block_cache: 0x7f205d39c2b8
  block_cache_size: 2097152
  block_cache_compressed: (nil)
  block_size: 4096
  block_size_deviation: 10
  block_restart_interval: 16
  index_block_restart_interval: 1
  filter_policy: nullptr
  whole_key_filtering: 1
  skip_table_builder_flush: 0
  format_version: 2
2017/09/06-10:27:46.069781 7f205f50fc00        Options.write_buffer_size: 67108864
2017/09/06-10:27:46.069782 7f205f50fc00  Options.max_write_buffer_number: 2
2017/09/06-10:27:46.069783 7f205f50fc00          Options.compression: Snappy
2017/09/06-10:27:46.069784 7f205f50fc00                  Options.bottommost_compression: Disabled
2017/09/06-10:27:46.069785 7f205f50fc00       Options.prefix_extractor: nullptr
2017/09/06-10:27:46.069786 7f205f50fc00             Options.num_levels: 7
2017/09/06-10:27:46.069787 7f205f50fc00        Options.min_write_buffer_number_to_merge: 1
2017/09/06-10:27:46.069788 7f205f50fc00     Options.max_write_buffer_number_to_maintain: 0
2017/09/06-10:27:46.069789 7f205f50fc00            Options.compression_opts.window_bits: -14
2017/09/06-10:27:46.069789 7f205f50fc00                  Options.compression_opts.level: -1
2017/09/06-10:27:46.069790 7f205f50fc00               Options.compression_opts.strategy: 0
2017/09/06-10:27:46.069791 7f205f50fc00         Options.compression_opts.max_dict_bytes: 0
2017/09/06-10:27:46.069792 7f205f50fc00      Options.level0_file_num_compaction_trigger: 4
2017/09/06-10:27:46.069793 7f205f50fc00          Options.level0_slowdown_writes_trigger: 20
2017/09/06-10:27:46.069793 7f205f50fc00              Options.level0_stop_writes_trigger: 24
2017/09/06-10:27:46.069794 7f205f50fc00                   Options.target_file_size_base: 33554432
2017/09/06-10:27:46.069795 7f205f50fc00             Options.target_file_size_multiplier: 2
2017/09/06-10:27:46.069796 7f205f50fc00                Options.max_bytes_for_level_base: 268435456
2017/09/06-10:27:46.069796 7f205f50fc00 Options.level_compaction_dynamic_level_bytes: 0
2017/09/06-10:27:46.069797 7f205f50fc00          Options.max_bytes_for_level_multiplier: 10
2017/09/06-10:27:46.069798 7f205f50fc00 Options.max_bytes_for_level_multiplier_addtl[0]: 1
2017/09/06-10:27:46.069799 7f205f50fc00 Options.max_bytes_for_level_multiplier_addtl[1]: 1
2017/09/06-10:27:46.069799 7f205f50fc00 Options.max_bytes_for_level_multiplier_addtl[2]: 1
2017/09/06-10:27:46.069800 7f205f50fc00 Options.max_bytes_for_level_multiplier_addtl[3]: 1
2017/09/06-10:27:46.069801 7f205f50fc00 Options.max_bytes_for_level_multiplier_addtl[4]: 1
2017/09/06-10:27:46.069801 7f205f50fc00 Options.max_bytes_for_level_multiplier_addtl[5]: 1
2017/09/06-10:27:46.069802 7f205f50fc00 Options.max_bytes_for_level_multiplier_addtl[6]: 1
2017/09/06-10:27:46.069803 7f205f50fc00       Options.max_sequential_skip_in_iterations: 8
2017/09/06-10:27:46.069804 7f205f50fc00              Options.expanded_compaction_factor: 25
2017/09/06-10:27:46.069804 7f205f50fc00                Options.source_compaction_factor: 1
2017/09/06-10:27:46.069805 7f205f50fc00          Options.max_grandparent_overlap_factor: 10
2017/09/06-10:27:46.069806 7f205f50fc00                        Options.arena_block_size: 8388608
2017/09/06-10:27:46.069819 7f205f50fc00   Options.soft_pending_compaction_bytes_limit: 68719476736
2017/09/06-10:27:46.069820 7f205f50fc00   Options.hard_pending_compaction_bytes_limit: 274877906944
2017/09/06-10:27:46.069821 7f205f50fc00       Options.rate_limit_delay_max_milliseconds: 1000
2017/09/06-10:27:46.069822 7f205f50fc00                Options.disable_auto_compactions: 0
2017/09/06-10:27:46.069822 7f205f50fc00           Options.verify_checksums_in_compaction: 1
2017/09/06-10:27:46.069823 7f205f50fc00                         Options.compaction_style: 1
2017/09/06-10:27:46.069824 7f205f50fc00                           Options.compaction_pri: 0
2017/09/06-10:27:46.069825 7f205f50fc00  Options.compaction_options_universal.size_ratio: 1
2017/09/06-10:27:46.069826 7f205f50fc00 Options.compaction_options_universal.min_merge_width: 2
2017/09/06-10:27:46.069826 7f205f50fc00 Options.compaction_options_universal.max_merge_width: 4294967295
2017/09/06-10:27:46.069827 7f205f50fc00 Options.compaction_options_universal.max_size_amplification_percent: 200
2017/09/06-10:27:46.069828 7f205f50fc00 Options.compaction_options_universal.compression_size_percent: -1
2017/09/06-10:27:46.069829 7f205f50fc00 Options.compaction_options_fifo.max_table_files_size: 1073741824
2017/09/06-10:27:46.069830 7f205f50fc00                   Options.table_properties_collectors: 
2017/09/06-10:27:46.069830 7f205f50fc00                   Options.inplace_update_support: 0
2017/09/06-10:27:46.069831 7f205f50fc00                 Options.inplace_update_num_locks: 10000
2017/09/06-10:27:46.069832 7f205f50fc00               Options.min_partial_merge_operands: 2
2017/09/06-10:27:46.069832 7f205f50fc00               Options.memtable_prefix_bloom_size_ratio: 0.000000
2017/09/06-10:27:46.069835 7f205f50fc00   Options.memtable_huge_page_size: 0
2017/09/06-10:27:46.069836 7f205f50fc00                           Options.bloom_locality: 0
2017/09/06-10:27:46.069837 7f205f50fc00                    Options.max_successive_merges: 0
2017/09/06-10:27:46.069838 7f205f50fc00                Options.optimize_filters_for_hits: 0
2017/09/06-10:27:46.069838 7f205f50fc00                Options.paranoid_file_checks: 0
2017/09/06-10:27:46.069839 7f205f50fc00                Options.report_bg_io_stats: 0
2017/09/06-10:27:46.120553 7f205f50fc00 Created column family [col1] (ID 2)
2017/09/06-10:27:46.161908 7f205f50fc00 --------------- Options for column family [col2]:
2017/09/06-10:27:46.161919 7f205f50fc00               Options.comparator: rocksdb.InternalKeyComparator:leveldb.BytewiseComparator
2017/09/06-10:27:46.161921 7f205f50fc00           Options.merge_operator: None
2017/09/06-10:27:46.161922 7f205f50fc00        Options.compaction_filter: None
2017/09/06-10:27:46.161922 7f205f50fc00        Options.compaction_filter_factory: None
2017/09/06-10:27:46.161923 7f205f50fc00         Options.memtable_factory: SkipListFactory
2017/09/06-10:27:46.161925 7f205f50fc00            Options.table_factory: BlockBasedTable
2017/09/06-10:27:46.161935 7f205f50fc00            table_factory options:   flush_block_policy_factory: FlushBlockBySizePolicyFactory (0x7f205d354198)
  cache_index_and_filter_blocks: 0
  pin_l0_filter_and_index_blocks_in_cache: 0
  index_type: 0
  hash_index_allow_collision: 1
  checksum: 1
  no_block_cache: 0
  block_cache: 0x7f205d39c328
  block_cache_size: 2097152
  block_cache_compressed: (nil)
  block_size: 4096
  block_size_deviation: 10
  block_restart_interval: 16
  index_block_restart_interval: 1
  filter_policy: nullptr
  whole_key_filtering: 1
  skip_table_builder_flush: 0
  format_version: 2
2017/09/06-10:27:46.161937 7f205f50fc00        Options.write_buffer_size: 67108864
2017/09/06-10:27:46.161938 7f205f50fc00  Options.max_write_buffer_number: 2
2017/09/06-10:27:46.161939 7f205f50fc00          Options.compression: Snappy
2017/09/06-10:27:46.161940 7f205f50fc00                  Options.bottommost_compression: Disabled
2017/09/06-10:27:46.161941 7f205f50fc00       Options.prefix_extractor: nullptr
2017/09/06-10:27:46.161942 7f205f50fc00             Options.num_levels: 7
2017/09/06-10:27:46.161942 7f205f50fc00        Options.min_write_buffer_number_to_merge: 1
2017/09/06-10:27:46.161943 7f205f50fc00     Options.max_write_buffer_number_to_maintain: 0
2017/09/06-10:27:46.161944 7f205f50fc00            Options.compression_opts.window_bits: -14
2017/09/06-10:27:46.161945 7f205f50fc00                  Options.compression_opts.level: -1
2017/09/06-10:27:46.161946 7f205f50fc00               Options.compression_opts.strategy: 0
2017/09/06-10:27:46.161947 7f205f50fc00         Options.compression_opts.max_dict_bytes: 0
2017/09/06-10:27:46.161948 7f205f50fc00      Options.level0_file_num_compaction_trigger: 4
2017/09/06-10:27:46.161948 7f205f50fc00          Options.level0_slowdown_writes_trigger: 20
2017/09/06-10:27:46.161949 7f205f50fc00              Options.level0_stop_writes_trigger: 24
2017/09/06-10:27:46.161950 7f205f50fc00                   Options.target_file_size_base: 33554432
2017/09/06-10:27:46.161951 7f205f50fc00             Options.target_file_size_multiplier: 2
2017/09/06-10:27:46.161952 7f205f50fc00                Options.max_bytes_for_level_base: 268435456
2017/09/06-10:27:46.161952 7f205f50fc00 Options.level_compaction_dynamic_level_bytes: 0
2017/09/06-10:27:46.161953 7f205f50fc00          Options.max_bytes_for_level_multiplier: 10
2017/09/06-10:27:46.161954 7f205f50fc00 Options.max_bytes_for_level_multiplier_addtl[0]: 1
2017/09/06-10:27:46.161955 7f205f50fc00 Options.max_bytes_for_level_multiplier_addtl[1]: 1
2017/09/06-10:27:46.161956 7f205f50fc00 Options.max_bytes_for_level_multiplier_addtl[2]: 1
2017/09/06-10:27:46.161956 7f205f50fc00 Options.max_bytes_for_level_multiplier_addtl[3]: 1
2017/09/06-10:27:46.161957 7f205f50fc00 Options.max_bytes_for_level_multiplier_addtl[4]: 1
2017/09/06-10:27:46.161958 7f205f50fc00 Options.max_bytes_for_level_multiplier_addtl[5]: 1
2017/09/06-10:27:46.161959 7f205f50fc00 Options.max_bytes_for_level_multiplier_addtl[6]: 1
2017/09/06-10:27:46.161959 7f205f50fc00       Options.max_sequential_skip_in_iterations: 8
2017/09/06-10:27:46.161960 7f205f50fc00              Options.expanded_compaction_factor: 25
2017/09/06-10:27:46.161961 7f205f50fc00                Options.source_compaction_factor: 1
2017/09/06-10:27:46.161962 7f205f50fc00          Options.max_grandparent_overlap_factor: 10
2017/09/06-10:27:46.161962 7f205f50fc00                        Options.arena_block_size: 8388608
2017/09/06-10:27:46.161970 7f205f50fc00   Options.soft_pending_compaction_bytes_limit: 68719476736
2017/09/06-10:27:46.161971 7f205f50fc00   Options.hard_pending_compaction_bytes_limit: 274877906944
2017/09/06-10:27:46.161972 7f205f50fc00       Options.rate_limit_delay_max_milliseconds: 1000
2017/09/06-10:27:46.161973 7f205f50fc00                Options.disable_auto_compactions: 0
2017/09/06-10:27:46.161973 7f205f50fc00           Options.verify_checksums_in_compaction: 1
2017/09/06-10:27:46.161974 7f205f50fc00                         Options.compaction_style: 1
2017/09/06-10:27:46.161975 7f205f50fc00                           Options.compaction_pri: 0
2017/09/06-10:27:46.161976 7f205f50fc00  Options.compaction_options_universal.size_ratio: 1
2017/09/06-10:27:46.161977 7f205f50fc00 Options.compaction_options_universal.min_merge_width: 2
2017/09/06-10:27:46.161977 7f205f50fc00 Options.compaction_options_universal.max_merge_width: 4294967295
2017/09/06-10:27:46.161978 7f205f50fc00 Options.compaction_options_universal.max_size_amplification_percent: 200
2017/09/06-10:27:46.161979 7f205f50fc00 Options.compaction_options_universal.compression_size_percent: -1
2017/09/06-10:27:46.161980 7f205f50fc00 Options.compaction_options_fifo.max_table_files_size: 1073741824
2017/09/06-10:27:46.161981 7f205f50fc00                   Options.table_properties_collectors: 
2017/09/06-10:27:46.161982 7f205f50fc00                   Options.inplace_update_support: 0
2017/09/06-10:27:46.161983 7f205f50fc00                 Options.inplace_update_num_locks: 10000
2017/09/06-10:27:46.161983 7f205f50fc00               Options.min_partial_merge_operands: 2
2017/09/06-10:27:46.161984 7f205f50fc00               Options.memtable_prefix_bloom_size_ratio: 0.000000
2017/09/06-10:27:46.161987 7f205f50fc00   Options.memtable_huge_page_size: 0
2017/09/06-10:27:46.161988 7f205f50fc00                           Options.bloom_locality: 0
2017/09/06-10:27:46.161989 7f205f50fc00                    Options.max_successive_merges: 0
2017/09/06-10:27:46.161990 7f205f50fc00                Options.optimize_filters_for_hits: 0
2017/09/06-10:27:46.161990 7f205f50fc00                Options.paranoid_file_checks: 0
2017/09/06-10:27:46.161991 7f205f50fc00                Options.report_bg_io_stats: 0
2017/09/06-10:27:46.221024 7f205f50fc00 Created column family [col2] (ID 3)
2017/09/06-10:27:46.262299 7f205f50fc00 --------------- Options for column family [col3]:
2017/09/06-10:27:46.262309 7f205f50fc00               Options.comparator: rocksdb.InternalKeyComparator:leveldb.BytewiseComparator
2017/09/06-10:27:46.262310 7f205f50fc00           Options.merge_operator: None
2017/09/06-10:27:46.262311 7f205f50fc00        Options.compaction_filter: None
2017/09/06-10:27:46.262312 7f205f50fc00        Options.compaction_filter_factory: None
2017/09/06-10:27:46.262313 7f205f50fc00         Options.memtable_factory: SkipListFactory
2017/09/06-10:27:46.262314 7f205f50fc00            Options.table_factory: BlockBasedTable
2017/09/06-10:27:46.262324 7f205f50fc00            table_factory options:   flush_block_policy_factory: FlushBlockBySizePolicyFactory (0x7f205d30f1c8)
  cache_index_and_filter_blocks: 0
  pin_l0_filter_and_index_blocks_in_cache: 0
  index_type: 0
  hash_index_allow_collision: 1
  checksum: 1
  no_block_cache: 0
  block_cache: 0x7f205d39c398
  block_cache_size: 2097152
  block_cache_compressed: (nil)
  block_size: 4096
  block_size_deviation: 10
  block_restart_interval: 16
  index_block_restart_interval: 1
  filter_policy: nullptr
  whole_key_filtering: 1
  skip_table_builder_flush: 0
  format_version: 2
2017/09/06-10:27:46.262326 7f205f50fc00        Options.write_buffer_size: 67108864
2017/09/06-10:27:46.262327 7f205f50fc00  Options.max_write_buffer_number: 2
2017/09/06-10:27:46.262328 7f205f50fc00          Options.compression: Snappy
2017/09/06-10:27:46.262329 7f205f50fc00                  Options.bottommost_compression: Disabled
2017/09/06-10:27:46.262330 7f205f50fc00       Options.prefix_extractor: nullptr
2017/09/06-10:27:46.262330 7f205f50fc00             Options.num_levels: 7
2017/09/06-10:27:46.262331 7f205f50fc00        Options.min_write_buffer_number_to_merge: 1
2017/09/06-10:27:46.262332 7f205f50fc00     Options.max_write_buffer_number_to_maintain: 0
2017/09/06-10:27:46.262333 7f205f50fc00            Options.compression_opts.window_bits: -14
2017/09/06-10:27:46.262334 7f205f50fc00                  Options.compression_opts.level: -1
2017/09/06-10:27:46.262335 7f205f50fc00               Options.compression_opts.strategy: 0
2017/09/06-10:27:46.262336 7f205f50fc00         Options.compression_opts.max_dict_bytes: 0
2017/09/06-10:27:46.262336 7f205f50fc00      Options.level0_file_num_compaction_trigger: 4
2017/09/06-10:27:46.262337 7f205f50fc00          Options.level0_slowdown_writes_trigger: 20
2017/09/06-10:27:46.262338 7f205f50fc00              Options.level0_stop_writes_trigger: 24
2017/09/06-10:27:46.262339 7f205f50fc00                   Options.target_file_size_base: 33554432
2017/09/06-10:27:46.262340 7f205f50fc00             Options.target_file_size_multiplier: 2
2017/09/06-10:27:46.262341 7f205f50fc00                Options.max_bytes_for_level_base: 268435456
2017/09/06-10:27:46.262341 7f205f50fc00 Options.level_compaction_dynamic_level_bytes: 0
2017/09/06-10:27:46.262342 7f205f50fc00          Options.max_bytes_for_level_multiplier: 10
2017/09/06-10:27:46.262343 7f205f50fc00 Options.max_bytes_for_level_multiplier_addtl[0]: 1
2017/09/06-10:27:46.262344 7f205f50fc00 Options.max_bytes_for_level_multiplier_addtl[1]: 1
2017/09/06-10:27:46.262345 7f205f50fc00 Options.max_bytes_for_level_multiplier_addtl[2]: 1
2017/09/06-10:27:46.262345 7f205f50fc00 Options.max_bytes_for_level_multiplier_addtl[3]: 1
2017/09/06-10:27:46.262346 7f205f50fc00 Options.max_bytes_for_level_multiplier_addtl[4]: 1
2017/09/06-10:27:46.262347 7f205f50fc00 Options.max_bytes_for_level_multiplier_addtl[5]: 1
2017/09/06-10:27:46.262348 7f205f50fc00 Options.max_bytes_for_level_multiplier_addtl[6]: 1
2017/09/06-10:27:46.262348 7f205f50fc00       Options.max_sequential_skip_in_iterations: 8
2017/09/06-10:27:46.262349 7f205f50fc00              Options.expanded_compaction_factor: 25
2017/09/06-10:27:46.262350 7f205f50fc00                Options.source_compaction_factor: 1
2017/09/06-10:27:46.262351 7f205f50fc00          Options.max_grandparent_overlap_factor: 10
2017/09/06-10:27:46.262351 7f205f50fc00                        Options.arena_block_size: 8388608
2017/09/06-10:27:46.262358 7f205f50fc00   Options.soft_pending_compaction_bytes_limit: 68719476736
2017/09/06-10:27:46.262360 7f205f50fc00   Options.hard_pending_compaction_bytes_limit: 274877906944
2017/09/06-10:27:46.262361 7f205f50fc00       Options.rate_limit_delay_max_milliseconds: 1000
2017/09/06-10:27:46.262361 7f205f50fc00                Options.disable_auto_compactions: 0
2017/09/06-10:27:46.262362 7f205f50fc00           Options.verify_checksums_in_compaction: 1
2017/09/06-10:27:46.262363 7f205f50fc00                         Options.compaction_style: 1
2017/09/06-10:27:46.262364 7f205f50fc00                           Options.compaction_pri: 0
2017/09/06-10:27:46.262365 7f205f50fc00  Options.compaction_options_universal.size_ratio: 1
2017/09/06-10:27:46.262366 7f205f50fc00 Options.compaction_options_universal.min_merge_width: 2
2017/09/06-10:27:46.262366 7f205f50fc00 Options.compaction_options_universal.max_merge_width: 4294967295
2017/09/06-10:27:46.262367 7f205f50fc00 Options.compaction_options_universal.max_size_amplification_percent: 200
2017/09/06-10:27:46.262368 7f205f50fc00 Options.compaction_options_universal.compression_size_percent: -1
2017/09/06-10:27:46.262369 7f205f50fc00 Options.compaction_options_fifo.max_table_files_size: 1073741824
2017/09/06-10:27:46.262370 7f205f50fc00                   Options.table_properties_collectors: 
2017/09/06-10:27:46.262371 7f205f50fc00                   Options.inplace_update_support: 0
2017/09/06-10:27:46.262372 7f205f50fc00                 Options.inplace_update_num_locks: 10000
2017/09/06-10:27:46.262372 7f205f50fc00               Options.min_partial_merge_operands: 2
2017/09/06-10:27:46.262373 7f205f50fc00               Options.memtable_prefix_bloom_size_ratio: 0.000000
2017/09/06-10:27:46.262375 7f205f50fc00   Options.memtable_huge_page_size: 0
2017/09/06-10:27:46.262376 7f205f50fc00                           Options.bloom_locality: 0
2017/09/06-10:27:46.262377 7f205f50fc00                    Options.max_successive_merges: 0
2017/09/06-10:27:46.262377 7f205f50fc00                Options.optimize_filters_for_hits: 0
2017/09/06-10:27:46.262378 7f205f50fc00                Options.paranoid_file_checks: 0
2017/09/06-10:27:46.262379 7f205f50fc00                Options.report_bg_io_stats: 0
2017/09/06-10:27:46.321644 7f205f50fc00 Created column family [col3] (ID 4)
2017/09/06-10:27:46.362812 7f205f50fc00 --------------- Options for column family [col4]:
2017/09/06-10:27:46.362822 7f205f50fc00               Options.comparator: rocksdb.InternalKeyComparator:leveldb.BytewiseComparator
2017/09/06-10:27:46.362824 7f205f50fc00           Options.merge_operator: None
2017/09/06-10:27:46.362825 7f205f50fc00        Options.compaction_filter: None
